3856
3985
1366
2075
4589
1111
124
3758
894
8724
6303
5642
5633
3473
5530
130
6813
3727
7875
5035
8987
9573
9436
1466
6385
1461
1250
1816
360
3930
6195
3007
4991
8897
541
6035
7384
2400
705
6544
3537
1175
5510
3275
9901
2482
8489
920
5697
7432
4306
9800
2571
1171
2498
5389
7019
1020
425
4044
1110
9074
7269
8604
4367
5799
6788
7553
1046
2951
9274
4144
3917
9222
4702
6495
3653
3333
7919
6923
6984
9953
7380
3828
8287
6344
7280
3593
83
2056
5524
7068
2592
3734
7039
305
5862
3320
4449
4120
8425
6128
381
3221
8857
1605
9516
9560
7340
8127
5550
9550
502
1439
284
5379
1899
5321
9529
8434
7019
1311
8647
5996
9100
1867
6917
7856
678
7064
310
268
7927
3726
1213
4193
3574
6200
2372
2428
7909
7172
2476
9814
2048
8822
9119
650
6387
9145
4897
5710
1703
8707
7285
688
4828
4356
2604
3614
8979
4587
8968
8706
6562
7429
2271
7544
5643
6099
9402
4318
6006
5670
2253
6519
7738
3674
3089
4875
2123
5852
3405
2607
3965
6026
2052
7052
5862
821
1415
2847
3362
7061
7899
3388
5280
3210
2021
2592
4474
6138
5378
146
9010
379
5203
9732
2055
4271
2614
9372
7399
3895
432
1049
5902
5990
6022
9669
4317
9475
8074
6710
4918
8074
1362
256
8387
6592
1573
5387
8039
6416
8335
3788
9980
8311
9268
418
1163
40
1777
3248
5723
2061
6190
8130
816
3724
5631
3789
3893
7233
2426
9592
7620
7357
9555
2865
4305
6267
626
9901
4055
8155
3958
7040
7978
3645
7332
5477
4508
7387
7751
3755
6427
3123
8891
7340
8455
4288
3061
1242
3937
7060
8314
9000
3407
9636
3760
1907
7581
5056
7089
7404
2989
5469
5195
690
9567
7377
5813
6240
859
1547
909
4145
9083
7500
988
6891
2182
9750
3946
2191
4103
4623
6270
9948
1948
7714
2286
3274
8714
1794
4325
186
1070
4204
7042
4119
3711
7192
1501
9544
9823
3595
4612
3686
4063
781
2756
6133
5042
7746
8339
2560
3738
1238
5482
4581
5695
554
2401
2714
5246
4342
7602
2411
2286
3850
1023
1602
8669
6421
4111
6849
2377
8769
3939
4366
8795
8425
7063
2700
5038
8759
6996
962
7406
7070
1459
9834
8667
9249
8460
7272
4172
5279
3452
9908
7680
172
8613
663
399
3101
2623
3230
9584
879
4076
574
8148
5268
4314
8580
255
3947
913
4935
6087
3323
5676
5037
6884
5276
3332
6967
6696
481
6600
2617
2824
5510
7065
4426
1320
3651
8290
9828
4917
1818
8469
1945
6172
4099
6687
9746
7656
1680
8894
9397
4377
8335
2681
7427
7119
285
6957
1370
6885
3217
9673
6798
2459
7900
7695
2495
5868
4891
9531
9815
3823
8790
9471
2706
8200
7961
3501
1050
2798
988
254
5343
1736
912
5663
4911
944
889
9019
7367
8201
6531
8723
8950
605
9762
347
3002
1007
1498
8910
6058
9600
5815
4161
8783
7133
2602
3973
6448
8501
2769
966
2521
7719
3778
5696
8614
6970
7684
4290
8161
8519
7497
7883
566
7025
7164
3840
1296
4469
8147
5775
7714
4748
2961
2654
6932
7245
7115
301
9079
9023
1684
7642
7895
1389
8040
9587
3500
2162
4801
6677
1709
1955
2474
7123
9874
7276
541
8131
9107
2546
6283
2739
3923
4056
7144
8873
4211
9485
4719
3543
5732
9683
2042
9549
6189
7403
5894
2201
661
4043
8166
1225
7565
3905
695
7265
3597
4513
459
3400
7401
4538
3685
4989
4672
6791
7823
2887
5025
7122
3627
3466
9403
3603
9765
1173
3519
8998
689
5640
3092
8330
1574
8594
5991
53
4150
2681
3004
1365
4825
9779
7125
529
9605
865
6062
4286
7100
2988
8499
46
7922
3895
4351
1331
8618
1860
1346
1298
9820
9250
4077
978
5124
7492
9933
3187
3226
6781
3490
4379
8570
1432
5403
8523
5408
7972
5440
2977
8354
9340
1660
9431
5001
4740
3845
3000
2252
6143
8793
7859
8635
1886
4470
4024
5126
1347
7509
335
6744
483
8580
9480
6419
330
5984
317
3481
425
1756
7427
1860
74
1888
1039
5731
596
4048
7814
5105
6426
8247
2141
7987
3245
3521
7599
8110
6578
2770
7709
6819
6286
1926
2703
5417
3438
662
8617
7189
8116
3204
2329
967
7195
8947
8076
9284
9403
7765
9856
2892
2824
1906
324
4680
3813
6851
2908
1858
9702
7912
5025
1888
6275
8316
181
7966
536
243
3716
3559
4409
5500
3670
5120
3043
9929
8097
6225
1470
2696
5691
7232
5374
7950
9996
3804
3881
4191
1506
9588
499
4716
5871
2546
197
1737
5165
855
860
5786
6946
4307
3021
969
6174
4385
9270
9063
9329
8973
432
8477
4634
7299
561
8733
1130
2902
9277
7098
950
6569
6845
6352
6507
269
1112
6098
4300
2088
5917
5614
9096
1486
5219
2975
5319
8127
4743
7039
2130
525
9861
8231
8114
1815
338
2004
4688
1783
6310
5496
9452
5429
5479
7738
8009
6118
7600
1242
5526
3701
9232
2614
7496
395
3503
5634
1026
5998
3004
6839
6199
8660
3697
923
6294
914
7240
3448
6227
3237
4231
7836
7847
1052
4566
6125
6846
560
4226
4198
4286
6977
4970
5523
5239
4543
9126
629
7830
498
1479
7314
99
2182
5161
4316
5547
1046
8325
2124
4552
5747
4212
7387
571
5250
3950
6589
2316
5040
576
3146
7720
3650
3612
3226
2714
4221
2571
2141
4004
2670
3901
5156
2076
9816
2064
9807
1300
6920
6159
8180
641
6150
5842
249
3005
6298
2611
3294
2680
9257
3969
2970
4457
3019
6397
9392
2339
1593
7874
7933
1635
1128
4481
9905
9525
1133
9786
1512
3750
3100
392
4404
2580
3489
6483
7737
7825
7434
3001
6468
7895
1135
8838
697
4277
8831
447
103
9959
3992
4367
314
2949
8931
1641
6654
8818
2025
8764
9802
5172
7782
1908
4512
8179
9977
2749
3200
3258
213
7043
3396
3867
2375
4389
7115
